                    CPU0       CPU1       CPU2       CPU3       CPU4       CPU5       CPU6       CPU7       
          HI:          0          0          0          0          1          0          0          0
       TIMER:       3924       2716       3282       2737       3422       4587       3275       3485
      NET_TX:          2          3          1          0          0          0          6          3
      NET_RX:        250         22         24          0          0          0          0         36
       BLOCK:          4          0         17          0          0          0         22       2763
    IRQ_POLL:          0          0          0          0          0          0          0          0
     TASKLET:          9          0         42          4         35          0          8          9
       SCHED:       4304       2873       3043       2769       3142       4568       3252       3357
     HRTIMER:          0          0          0          0          0          0          0          0
         RCU:       2770       2614       2693       2256       2196       3341       2086       3505
